3408592805
3255990116
3101378892
3381760435
3396189679
3086424608
3316408927
3322968173
3298547213
3166018799
2932907113
3255959112
3204523260
3205875142
3119756256
3121174548
3093359406
3074615658
3101277651
3072588311
3182988659
3229157388
3168752798
3132617315
2933924851
3106665715
3273061267
3287930034
3101273893
3262680987
3051667075
3159654586
3173393001
2972938415
3110091061
3043908946
3190165210
3071952169
3339191277
2931602573
3108143733
3359285646
3392826804
3389320909
3372150096
3372524603
2999453559
3039973821
3141175315
2931600652
3434415414
2979385119
3435621600
3113060225
3449622373
3377436432
3097542868
3397468050